ED intensity                                                                                                                                                                                                                                                    
CREATED   22 Aug 2012 16:12:04  BY INTEN 08 Oct 01     
5I8       
5I7first  
   8
     -0.174386     -0.094628     -0.037221     -0.006988      1.700165      1.732075      1.792835      1.877624
   2   2   2   2   2   2   2   2
   8
   5256.646187   5256.794638   5256.943608   5257.093254   5257.243260   5257.393859   5257.544888   5257.696401
   2   2   2   2   2   2   2   2
ISOTROPIC 
 1.74712e-02  6.65037e-08  1.14901e-08  6.50102e-12  2.23671e-11  9.30326e-08  9.58189e-17  5.75025e-03 
 1.45085e-16  1.62133e-02  1.16772e-07  8.53185e-08  4.96532e-07  4.28968e-11  7.12673e-03  6.79004e-08 
 4.02650e-08  2.08312e-12  1.46215e-02  5.34443e-06  1.28243e-06  8.81605e-03  1.19431e-07  3.22014e-08 
 1.10426e-12  2.99974e-07  4.39230e-06  1.27511e-02  1.07483e-02  1.74939e-06  1.62012e-07  7.02678e-13 
 3.63526e-13  2.75651e-07  2.78084e-06  8.11960e-03  1.00433e-02  1.51828e-06  1.08541e-07  4.58513e-13 
 5.28128e-08  2.63059e-12  6.32988e-03  2.26345e-06  1.70122e-06  1.18906e-02  5.65196e-09  1.52494e-08 
 4.28835e-17  4.82332e-03  1.08034e-09  1.53403e-07  1.50737e-07  1.31146e-11  1.34948e-02  5.76278e-09 
 3.64221e-03  1.60114e-09  2.70041e-08  1.55526e-11  4.42459e-12  2.01390e-08  2.41883e-16  1.47811e-02 
AXIAL     
 2.62068e-02  7.13055e-16  1.72352e-08  9.75154e-12  3.05780e-11  1.39549e-07  1.43728e-16  8.62538e-03 
 2.17628e-16  2.43200e-02  2.42580e-11  1.27916e-07  7.44798e-07  6.43452e-11  1.06901e-02  6.86079e-17 
 6.03974e-08  3.12468e-12  2.19322e-02  7.79414e-06  1.92364e-06  1.32241e-02  6.81803e-12  4.83020e-08 
 5.98783e-13  4.49954e-07  6.58845e-06  1.91267e-02  1.61222e-02  2.39294e-06  2.43019e-07  1.05402e-12 
 5.24234e-13  4.13477e-07  4.17125e-06  1.21794e-02  1.50650e-02  2.27321e-06  1.62811e-07  6.87770e-13 
 7.92192e-08  3.94589e-12  9.49482e-03  3.39505e-06  2.55183e-06  1.78359e-02  3.02771e-12  2.28742e-08 
 6.43253e-17  7.23499e-03  4.29036e-11  2.30104e-07  2.26105e-07  1.96718e-11  2.02422e-02  1.32156e-16 
 5.46332e-03  1.49727e-16  4.05062e-08  2.33289e-11  6.56768e-12  3.02085e-08  3.62825e-16  2.21716e-02 
SIGMA     
 2.62068e-02  7.13055e-16  1.72352e-08  9.75154e-12  3.05780e-11  1.39549e-07  1.43728e-16  8.62538e-03 
 2.17628e-16  2.43200e-02  2.42580e-11  1.27916e-07  7.44798e-07  6.43452e-11  1.06901e-02  6.86079e-17 
 6.03974e-08  3.12468e-12  2.19322e-02  7.79414e-06  1.92364e-06  1.32241e-02  6.81803e-12  4.83020e-08 
 5.98783e-13  4.49954e-07  6.58845e-06  1.91267e-02  1.61222e-02  2.39294e-06  2.43019e-07  1.05402e-12 
 5.24234e-13  4.13477e-07  4.17125e-06  1.21794e-02  1.50650e-02  2.27321e-06  1.62811e-07  6.87770e-13 
 7.92192e-08  3.94589e-12  9.49482e-03  3.39505e-06  2.55183e-06  1.78359e-02  3.02771e-12  2.28742e-08 
 6.43253e-17  7.23499e-03  4.29036e-11  2.30104e-07  2.26105e-07  1.96718e-11  2.02422e-02  1.32156e-16 
 5.46332e-03  1.49727e-16  4.05062e-08  2.33289e-11  6.56768e-12  3.02085e-08  3.62825e-16  2.21716e-02 
PI        
 0.00000e+00  1.99511e-07  0.00000e+00  0.00000e+00  5.94522e-12  5.08995e-16  0.00000e+00  0.00000e+00 
 0.00000e+00  0.00000e+00  3.50269e-07  1.23321e-10  0.00000e+00  0.00000e+00  1.04175e-16  2.03701e-07 
 0.00000e+00  0.00000e+00  1.54798e-10  4.44996e-07  0.00000e+00  0.00000e+00  3.58279e-07  2.43552e-17 
 2.11521e-12  1.36920e-11  0.00000e+00  0.00000e+00  4.71215e-07  4.62272e-07  0.00000e+00  0.00000e+00 
 4.21104e-14  4.27957e-14  0.00000e+00  0.00000e+00  1.52531e-09  8.43800e-09  0.00000e+00  0.00000e+00 
 0.00000e+00  0.00000e+00  8.99553e-14  2.52906e-10  0.00000e+00  0.00000e+00  1.69498e-08  1.37314e-20 
 0.00000e+00  0.00000e+00  3.15520e-09  1.09840e-12  0.00000e+00  0.00000e+00  8.53710e-19  1.72883e-08 
 0.00000e+00  4.80343e-09  0.00000e+00  0.00000e+00  1.38409e-13  1.16346e-17  0.00000e+00  0.00000e+00 
ROT_ISOTROPIC 
 0.00000e+00  0.00000e+00  0.00000e+00  0.00000e+00  0.00000e+00  0.00000e+00  0.00000e+00  0.00000e+00 
 0.00000e+00  0.00000e+00  0.00000e+00  0.00000e+00  0.00000e+00  0.00000e+00  0.00000e+00  0.00000e+00 
 0.00000e+00  0.00000e+00  0.00000e+00  0.00000e+00  0.00000e+00  0.00000e+00  0.00000e+00  0.00000e+00 
 0.00000e+00  0.00000e+00  0.00000e+00  0.00000e+00  0.00000e+00  0.00000e+00  0.00000e+00  0.00000e+00 
 0.00000e+00  0.00000e+00  0.00000e+00  0.00000e+00  0.00000e+00  0.00000e+00  0.00000e+00  0.00000e+00 
 0.00000e+00  0.00000e+00  0.00000e+00  0.00000e+00  0.00000e+00  0.00000e+00  0.00000e+00  0.00000e+00 
 0.00000e+00  0.00000e+00  0.00000e+00  0.00000e+00  0.00000e+00  0.00000e+00  0.00000e+00  0.00000e+00 
 0.00000e+00  0.00000e+00  0.00000e+00  0.00000e+00  0.00000e+00  0.00000e+00  0.00000e+00  0.00000e+00 
ROT_AXIAL     
 0.00000e+00  0.00000e+00  0.00000e+00  0.00000e+00  0.00000e+00  0.00000e+00  0.00000e+00  0.00000e+00 
 0.00000e+00  0.00000e+00  0.00000e+00  0.00000e+00  0.00000e+00  0.00000e+00  0.00000e+00  0.00000e+00 
 0.00000e+00  0.00000e+00  0.00000e+00  0.00000e+00  0.00000e+00  0.00000e+00  0.00000e+00  0.00000e+00 
 0.00000e+00  0.00000e+00  0.00000e+00  0.00000e+00  0.00000e+00  0.00000e+00  0.00000e+00  0.00000e+00 
 0.00000e+00  0.00000e+00  0.00000e+00  0.00000e+00  0.00000e+00  0.00000e+00  0.00000e+00  0.00000e+00 
 0.00000e+00  0.00000e+00  0.00000e+00  0.00000e+00  0.00000e+00  0.00000e+00  0.00000e+00  0.00000e+00 
 0.00000e+00  0.00000e+00  0.00000e+00  0.00000e+00  0.00000e+00  0.00000e+00  0.00000e+00  0.00000e+00 
 0.00000e+00  0.00000e+00  0.00000e+00  0.00000e+00  0.00000e+00  0.00000e+00  0.00000e+00  0.00000e+00 
END
ED intensity                                                                                                                                                                                                                                                    
CREATED   22 Aug 2012 16:12:04  BY INTEN 08 Oct 01     
5I8       
5I7second 
   8
     -0.174386     -0.094628     -0.037221     -0.006988      1.700165      1.732075      1.792835      1.877624
   2   2   2   2   2   2   2   2
  14
   5273.139517   5273.153448   5273.165775   5273.480203   5273.518258   5273.532041   5273.769264   5273.840589
   5273.879749   5274.121835   5274.239049   5274.286811   5274.321191   5274.331489
   4   2   2   2   2   2   4   2   2   2   2   2   2   2
ISOTROPIC 
 3.79526e-06  1.27249e-05  1.19509e-10  9.33329e-06  1.84201e-07  3.05336e-06  4.49888e-06  1.45055e-06 
 3.01458e-05  5.63760e-04  3.56950e-05  1.11727e-06  9.90379e-08  7.41947e-07 
 2.08916e-05  7.42298e-06  1.09597e-06  5.03888e-06  6.81645e-08  4.24131e-06  2.50152e-05  7.14476e-06 
 2.18637e-04  3.15812e-09  1.85975e-04  2.23601e-05  2.47439e-06  2.19613e-06 
 3.45961e-05  5.38206e-06  1.15895e-06  9.87868e-06  5.02921e-06  8.21301e-06  7.80736e-05  1.22790e-04 
 1.64777e-07  1.25201e-10  1.10678e-08  7.73924e-05  1.88014e-05  4.38782e-07 
 4.51067e-05  3.35740e-06  2.24252e-07  1.32745e-06  1.87836e-05  2.00466e-05  1.20820e-04  2.61297e-05 
 1.38370e-06  7.45410e-08  4.10555e-08  2.60152e-06  2.98096e-05  9.03840e-06 
 5.19302e-04  5.19864e-05  1.21159e-06  1.62451e-05  2.68235e-04  8.95433e-04  2.82157e-03  4.52001e-04 
 7.78558e-05  5.02357e-06  6.75992e-06  4.92672e-05  6.33710e-04  9.89796e-04 
 2.81080e-04  2.42968e-04  8.06723e-06  7.59900e-05  1.65986e-04  1.26069e-03  1.84908e-03  1.08787e-03 
 4.27659e-05  2.12643e-06  6.84037e-06  8.16400e-04  5.06925e-04  3.64017e-04 
 8.75029e-05  2.24943e-05  3.00205e-04  1.02995e-04  1.99392e-03  1.68212e-05  7.83731e-04  3.33488e-04 
 1.17097e-03  1.49752e-08  1.11275e-03  4.04292e-04  2.37664e-04  1.44834e-05 
 1.05197e-05  2.74484e-05  8.77736e-08  2.95708e-03  5.37666e-05  8.64623e-06  1.43574e-04  2.34794e-04 
 3.01781e-04  2.25292e-03  3.32899e-04  9.78514e-05  8.32739e-06  4.36635e-06 
AXIAL     
 5.63078e-06  1.90641e-05  1.79263e-10  1.39999e-05  2.76301e-07  4.51646e-06  5.17855e-06  2.17582e-06 
 2.10369e-07  8.45633e-04  5.75204e-08  1.67590e-06  1.48557e-07  7.98897e-07 
 3.11804e-05  1.11345e-05  1.63805e-06  1.47178e-09  7.11409e-08  6.36196e-06  3.44039e-05  5.20918e-08 
 3.27956e-04  4.73718e-09  2.78962e-04  6.95829e-08  5.53393e-07  3.29419e-06 
 5.17374e-05  8.07310e-06  1.60309e-06  1.47232e-05  1.96177e-06  1.23195e-05  1.16269e-04  1.83415e-04 
 2.47166e-07  1.87802e-10  1.66017e-08  1.14385e-04  1.43763e-05  6.58173e-07 
 6.76241e-05  5.01772e-06  3.36377e-07  1.99117e-06  2.81753e-05  2.92157e-05  1.81203e-04  3.91946e-05 
 2.07345e-06  1.04585e-07  4.06342e-08  3.90228e-06  4.47145e-05  1.17135e-05 
 7.61435e-04  7.65322e-05  1.81739e-06  2.43676e-05  4.02352e-04  1.02477e-03  4.22240e-03  6.78002e-04 
 1.11634e-04  5.66717e-06  7.43439e-07  7.39008e-05  9.50565e-04  7.78511e-04 
 4.12905e-04  3.64452e-04  7.58294e-06  1.09625e-04  1.14640e-05  1.89103e-03  2.71100e-03  1.58358e-03 
 6.41488e-05  3.18965e-06  1.02606e-05  1.14845e-03  1.52955e-04  5.46025e-04 
 1.27951e-04  3.37414e-05  4.50184e-04  3.20931e-05  2.99051e-03  2.52318e-05  1.11254e-03  2.91968e-04 
 1.75646e-03  2.24627e-08  1.66913e-03  4.23270e-05  3.03800e-04  2.17250e-05 
 1.50660e-05  4.09052e-05  1.31660e-07  4.43562e-03  8.06499e-05  1.22870e-05  1.99258e-04  3.52191e-04 
 7.16373e-07  3.37932e-03  2.48634e-07  1.46777e-04  1.24911e-05  3.67544e-06 
SIGMA     
 5.63078e-06  1.90641e-05  1.79263e-10  1.39999e-05  2.76301e-07  4.51646e-06  5.17855e-06  2.17582e-06 
 2.10369e-07  8.45633e-04  5.75204e-08  1.67590e-06  1.48557e-07  7.98897e-07 
 3.11804e-05  1.11345e-05  1.63805e-06  1.47178e-09  7.11409e-08  6.36196e-06  3.44039e-05  5.20918e-08 
 3.27956e-04  4.73718e-09  2.78962e-04  6.95829e-08  5.53393e-07  3.29419e-06 
 5.17374e-05  8.07310e-06  1.60309e-06  1.47232e-05  1.96177e-06  1.23195e-05  1.16269e-04  1.83415e-04 
 2.47166e-07  1.87802e-10  1.66017e-08  1.14385e-04  1.43763e-05  6.58173e-07 
 6.76241e-05  5.01772e-06  3.36377e-07  1.99117e-06  2.81753e-05  2.92157e-05  1.81203e-04  3.91946e-05 
 2.07345e-06  1.04585e-07  4.06342e-08  3.90228e-06  4.47145e-05  1.17135e-05 
 7.61435e-04  7.65322e-05  1.81739e-06  2.43676e-05  4.02352e-04  1.02477e-03  4.22240e-03  6.78002e-04 
 1.11634e-04  5.66717e-06  7.43439e-07  7.39008e-05  9.50565e-04  7.78511e-04 
 4.12905e-04  3.64452e-04  7.58294e-06  1.09625e-04  1.14640e-05  1.89103e-03  2.71100e-03  1.58358e-03 
 6.41488e-05  3.18965e-06  1.02606e-05  1.14845e-03  1.52955e-04  5.46025e-04 
 1.27951e-04  3.37414e-05  4.50184e-04  3.20931e-05  2.99051e-03  2.52318e-05  1.11254e-03  2.91968e-04 
 1.75646e-03  2.24627e-08  1.66913e-03  4.23270e-05  3.03800e-04  2.17250e-05 
 1.50660e-05  4.09052e-05  1.31660e-07  4.43562e-03  8.06499e-05  1.22870e-05  1.99258e-04  3.52191e-04 
 7.16373e-07  3.37932e-03  2.48634e-07  1.46777e-04  1.24911e-05  3.67544e-06 
PI        
 1.24237e-07  4.66593e-08  0.00000e+00  0.00000e+00  0.00000e+00  1.27136e-07  3.13955e-06  0.00000e+00 
 9.00168e-05  1.18262e-08  1.06970e-04  0.00000e+00  0.00000e+00  6.28046e-07 
 3.14212e-07  0.00000e+00  1.17972e-08  1.51137e-05  6.22117e-08  0.00000e+00  6.23785e-06  2.13301e-05 
 0.00000e+00  0.00000e+00  0.00000e+00  6.69411e-05  6.31637e-06  0.00000e+00 
 3.13587e-07  0.00000e+00  2.70675e-07  1.89573e-07  1.11641e-05  0.00000e+00  1.68326e-06  1.53898e-06 
 0.00000e+00  0.00000e+00  0.00000e+00  3.40739e-06  2.76517e-05  0.00000e+00 
 7.17570e-08  3.67626e-08  0.00000e+00  0.00000e+00  0.00000e+00  1.70827e-06  5.25736e-08  0.00000e+00 
 4.20263e-09  1.44523e-08  4.18983e-08  0.00000e+00  0.00000e+00  3.68821e-06 
 3.50359e-05  2.89480e-06  0.00000e+00  0.00000e+00  0.00000e+00  6.36760e-04  1.99141e-05  0.00000e+00 
 1.02997e-05  3.73639e-06  1.87929e-05  0.00000e+00  0.00000e+00  1.41237e-03 
 1.74307e-05  0.00000e+00  9.03581e-06  8.72073e-06  4.75031e-04  0.00000e+00  1.25239e-04  9.64342e-05 
 0.00000e+00  0.00000e+00  0.00000e+00  1.52301e-04  1.21486e-03  0.00000e+00 
 6.60668e-06  0.00000e+00  2.46072e-07  2.44797e-04  7.53792e-07  0.00000e+00  1.26120e-04  4.16526e-04 
 0.00000e+00  0.00000e+00  0.00000e+00  1.12822e-03  1.05393e-04  0.00000e+00 
 1.42706e-06  5.34778e-07  0.00000e+00  0.00000e+00  0.00000e+00  1.36477e-06  3.22060e-05  0.00000e+00 
 9.03910e-04  1.13072e-07  9.98200e-04  0.00000e+00  0.00000e+00  5.74817e-06 
ROT_ISOTROPIC 
 0.00000e+00  0.00000e+00  0.00000e+00  0.00000e+00  0.00000e+00  0.00000e+00  0.00000e+00  0.00000e+00 
 0.00000e+00  0.00000e+00  0.00000e+00  0.00000e+00  0.00000e+00  0.00000e+00 
 0.00000e+00  0.00000e+00  0.00000e+00  0.00000e+00  0.00000e+00  0.00000e+00  0.00000e+00  0.00000e+00 
 0.00000e+00  0.00000e+00  0.00000e+00  0.00000e+00  0.00000e+00  0.00000e+00 
 0.00000e+00  0.00000e+00  0.00000e+00  0.00000e+00  0.00000e+00  0.00000e+00  0.00000e+00  0.00000e+00 
 0.00000e+00  0.00000e+00  0.00000e+00  0.00000e+00  0.00000e+00  0.00000e+00 
 0.00000e+00  0.00000e+00  0.00000e+00  0.00000e+00  0.00000e+00  0.00000e+00  0.00000e+00  0.00000e+00 
 0.00000e+00  0.00000e+00  0.00000e+00  0.00000e+00  0.00000e+00  0.00000e+00 
 0.00000e+00  0.00000e+00  0.00000e+00  0.00000e+00  0.00000e+00  0.00000e+00  0.00000e+00  0.00000e+00 
 0.00000e+00  0.00000e+00  0.00000e+00  0.00000e+00  0.00000e+00  0.00000e+00 
 0.00000e+00  0.00000e+00  0.00000e+00  0.00000e+00  0.00000e+00  0.00000e+00  0.00000e+00  0.00000e+00 
 0.00000e+00  0.00000e+00  0.00000e+00  0.00000e+00  0.00000e+00  0.00000e+00 
 0.00000e+00  0.00000e+00  0.00000e+00  0.00000e+00  0.00000e+00  0.00000e+00  0.00000e+00  0.00000e+00 
 0.00000e+00  0.00000e+00  0.00000e+00  0.00000e+00  0.00000e+00  0.00000e+00 
 0.00000e+00  0.00000e+00  0.00000e+00  0.00000e+00  0.00000e+00  0.00000e+00  0.00000e+00  0.00000e+00 
 0.00000e+00  0.00000e+00  0.00000e+00  0.00000e+00  0.00000e+00  0.00000e+00 
ROT_AXIAL     
 0.00000e+00  0.00000e+00  0.00000e+00  0.00000e+00  0.00000e+00  0.00000e+00  0.00000e+00  0.00000e+00 
 0.00000e+00  0.00000e+00  0.00000e+00  0.00000e+00  0.00000e+00  0.00000e+00 
 0.00000e+00  0.00000e+00  0.00000e+00  0.00000e+00  0.00000e+00  0.00000e+00  0.00000e+00  0.00000e+00 
 0.00000e+00  0.00000e+00  0.00000e+00  0.00000e+00  0.00000e+00  0.00000e+00 
 0.00000e+00  0.00000e+00  0.00000e+00  0.00000e+00  0.00000e+00  0.00000e+00  0.00000e+00  0.00000e+00 
 0.00000e+00  0.00000e+00  0.00000e+00  0.00000e+00  0.00000e+00  0.00000e+00 
 0.00000e+00  0.00000e+00  0.00000e+00  0.00000e+00  0.00000e+00  0.00000e+00  0.00000e+00  0.00000e+00 
 0.00000e+00  0.00000e+00  0.00000e+00  0.00000e+00  0.00000e+00  0.00000e+00 
 0.00000e+00  0.00000e+00  0.00000e+00  0.00000e+00  0.00000e+00  0.00000e+00  0.00000e+00  0.00000e+00 
 0.00000e+00  0.00000e+00  0.00000e+00  0.00000e+00  0.00000e+00  0.00000e+00 
 0.00000e+00  0.00000e+00  0.00000e+00  0.00000e+00  0.00000e+00  0.00000e+00  0.00000e+00  0.00000e+00 
 0.00000e+00  0.00000e+00  0.00000e+00  0.00000e+00  0.00000e+00  0.00000e+00 
 0.00000e+00  0.00000e+00  0.00000e+00  0.00000e+00  0.00000e+00  0.00000e+00  0.00000e+00  0.00000e+00 
 0.00000e+00  0.00000e+00  0.00000e+00  0.00000e+00  0.00000e+00  0.00000e+00 
 0.00000e+00  0.00000e+00  0.00000e+00  0.00000e+00  0.00000e+00  0.00000e+00  0.00000e+00  0.00000e+00 
 0.00000e+00  0.00000e+00  0.00000e+00  0.00000e+00  0.00000e+00  0.00000e+00 
END
ED intensity                                                                                                                                                                                                                                                    
CREATED   22 Aug 2012 16:12:04  BY INTEN 08 Oct 01     
5I8       
5I6first  
   8
     -0.174386     -0.094628     -0.037221     -0.006988      1.700165      1.732075      1.792835      1.877624
   2   2   2   2   2   2   2   2
   8
   8754.163006   8754.330363   8754.498915   8754.668683   8754.839685   8755.011944   8755.185476   8755.360306
   2   2   2   2   2   2   2   2
ISOTROPIC 
 1.56704e-03  0.00000e+00  3.27107e-11  4.84390e-15  4.73610e-16  7.85785e-11  1.64300e-08  4.55537e-04 
 3.29540e-08  1.44478e-03  4.43277e-16  2.09689e-10  4.18597e-10  3.26717e-08  5.81517e-04  0.00000e+00 
 2.95161e-11  5.33029e-08  1.29098e-03  4.33253e-09  5.01513e-08  7.38374e-04  6.50479e-17  5.70080e-11 
 1.60549e-17  2.33952e-10  6.48210e-08  1.11108e-03  9.20102e-04  3.16936e-09  3.00795e-10  3.46121e-15 
 1.40505e-17  2.96708e-10  2.63692e-08  8.77102e-04  1.06882e-03  4.07103e-09  3.20323e-10  1.39821e-15 
 5.81287e-11  1.33411e-08  6.96309e-04  2.26444e-09  4.42146e-08  1.25141e-03  2.98842e-17  5.09276e-11 
 5.30483e-09  5.41743e-04  7.17729e-16  3.68492e-10  1.41627e-10  3.83026e-08  1.40917e-03  0.00000e+00 
 4.18738e-04  0.00000e+00  6.31066e-11  7.32024e-15  1.09370e-16  1.72961e-11  2.56438e-08  1.53608e-03 
AXIAL     
 2.35056e-03  0.00000e+00  4.90660e-11  2.18663e-16  7.10415e-16  1.17868e-10  0.00000e+00  6.83305e-04 
 0.00000e+00  2.16716e-03  6.64915e-16  3.14534e-10  6.27723e-10  1.18049e-15  8.72275e-04  0.00000e+00 
 4.42742e-11  1.03937e-16  1.93646e-03  6.49880e-09  4.19355e-09  1.10756e-03  9.75719e-17  8.55120e-11 
 2.40823e-17  3.50927e-10  5.36043e-09  1.66653e-03  1.38015e-03  4.75403e-09  4.51164e-10  1.04462e-17 
 2.10757e-17  4.45062e-10  4.35936e-09  1.31560e-03  1.60322e-03  6.10654e-09  4.80467e-10  7.55017e-18 
 8.71930e-11  1.25405e-16  1.04446e-03  3.39666e-09  6.41072e-09  1.87711e-03  4.48263e-17  7.63915e-11 
 0.00000e+00  8.12615e-04  1.07659e-15  5.52739e-10  2.12240e-10  3.81196e-16  2.11375e-03  0.00000e+00 
 6.28106e-04  0.00000e+00  9.46598e-11  4.59156e-16  1.64055e-16  2.59441e-11  0.00000e+00  2.30412e-03 
SIGMA     
 2.35056e-03  0.00000e+00  4.90660e-11  2.18663e-16  7.10415e-16  1.17868e-10  0.00000e+00  6.83305e-04 
 0.00000e+00  2.16716e-03  6.64915e-16  3.14534e-10  6.27723e-10  1.18049e-15  8.72275e-04  0.00000e+00 
 4.42742e-11  1.03937e-16  1.93646e-03  6.49880e-09  4.19355e-09  1.10756e-03  9.75719e-17  8.55120e-11 
 2.40823e-17  3.50927e-10  5.36043e-09  1.66653e-03  1.38015e-03  4.75403e-09  4.51164e-10  1.04462e-17 
 2.10757e-17  4.45062e-10  4.35936e-09  1.31560e-03  1.60322e-03  6.10654e-09  4.80467e-10  7.55017e-18 
 8.71930e-11  1.25405e-16  1.04446e-03  3.39666e-09  6.41072e-09  1.87711e-03  4.48263e-17  7.63915e-11 
 0.00000e+00  8.12615e-04  1.07659e-15  5.52739e-10  2.12240e-10  3.81196e-16  2.11375e-03  0.00000e+00 
 6.28106e-04  0.00000e+00  9.46598e-11  4.59156e-16  1.64055e-16  2.59441e-11  0.00000e+00  2.30412e-03 
PI        
 0.00000e+00  0.00000e+00  4.92761e-20  1.40944e-14  0.00000e+00  0.00000e+00  4.92899e-08  0.00000e+00 
 9.88621e-08  0.00000e+00  0.00000e+00  0.00000e+00  3.45968e-13  9.80151e-08  0.00000e+00  0.00000e+00 
 0.00000e+00  1.59909e-07  0.00000e+00  0.00000e+00  1.42067e-07  5.21160e-13  0.00000e+00  0.00000e+00 
 0.00000e+00  0.00000e+00  1.83742e-07  1.73405e-07  0.00000e+00  0.00000e+00  5.56535e-14  1.03627e-14 
 0.00000e+00  0.00000e+00  7.03889e-08  1.01289e-07  0.00000e+00  0.00000e+00  3.32843e-14  4.17953e-15 
 0.00000e+00  4.00234e-08  0.00000e+00  0.00000e+00  1.19822e-07  4.44232e-13  0.00000e+00  0.00000e+00 
 1.59145e-08  0.00000e+00  0.00000e+00  0.00000e+00  4.00511e-13  1.14908e-07  0.00000e+00  0.00000e+00 
 0.00000e+00  0.00000e+00  7.49948e-20  2.10424e-14  0.00000e+00  0.00000e+00  7.69313e-08  0.00000e+00 
ROT_ISOTROPIC 
 0.00000e+00  0.00000e+00  0.00000e+00  0.00000e+00  0.00000e+00  0.00000e+00  0.00000e+00  0.00000e+00 
 0.00000e+00  0.00000e+00  0.00000e+00  0.00000e+00  0.00000e+00  0.00000e+00  0.00000e+00  0.00000e+00 
 0.00000e+00  0.00000e+00  0.00000e+00  0.00000e+00  0.00000e+00  0.00000e+00  0.00000e+00  0.00000e+00 
 0.00000e+00  0.00000e+00  0.00000e+00  0.00000e+00  0.00000e+00  0.00000e+00  0.00000e+00  0.00000e+00 
 0.00000e+00  0.00000e+00  0.00000e+00  0.00000e+00  0.00000e+00  0.00000e+00  0.00000e+00  0.00000e+00 
 0.00000e+00  0.00000e+00  0.00000e+00  0.00000e+00  0.00000e+00  0.00000e+00  0.00000e+00  0.00000e+00 
 0.00000e+00  0.00000e+00  0.00000e+00  0.00000e+00  0.00000e+00  0.00000e+00  0.00000e+00  0.00000e+00 
 0.00000e+00  0.00000e+00  0.00000e+00  0.00000e+00  0.00000e+00  0.00000e+00  0.00000e+00  0.00000e+00 
ROT_AXIAL     
 0.00000e+00  0.00000e+00  0.00000e+00  0.00000e+00  0.00000e+00  0.00000e+00  0.00000e+00  0.00000e+00 
 0.00000e+00  0.00000e+00  0.00000e+00  0.00000e+00  0.00000e+00  0.00000e+00  0.00000e+00  0.00000e+00 
 0.00000e+00  0.00000e+00  0.00000e+00  0.00000e+00  0.00000e+00  0.00000e+00  0.00000e+00  0.00000e+00 
 0.00000e+00  0.00000e+00  0.00000e+00  0.00000e+00  0.00000e+00  0.00000e+00  0.00000e+00  0.00000e+00 
 0.00000e+00  0.00000e+00  0.00000e+00  0.00000e+00  0.00000e+00  0.00000e+00  0.00000e+00  0.00000e+00 
 0.00000e+00  0.00000e+00  0.00000e+00  0.00000e+00  0.00000e+00  0.00000e+00  0.00000e+00  0.00000e+00 
 0.00000e+00  0.00000e+00  0.00000e+00  0.00000e+00  0.00000e+00  0.00000e+00  0.00000e+00  0.00000e+00 
 0.00000e+00  0.00000e+00  0.00000e+00  0.00000e+00  0.00000e+00  0.00000e+00  0.00000e+00  0.00000e+00 
END
