ED intensity A210 Only                                                                                                                                                                                                                                          
CREATED   22 Aug 2012 16:12:04  BY INTEN 08 Oct 01     
5I8       
5I7first  
   8
     -0.174386     -0.094628     -0.037221     -0.006988      1.700165      1.732075      1.792835      1.877624
   2   2   2   2   2   2   2   2
   8
   5256.646187   5256.794638   5256.943608   5257.093254   5257.243260   5257.393859   5257.544888   5257.696401
   2   2   2   2   2   2   2   2
ISOTROPIC 
 4.92120e-04  1.63963e-08  7.54968e-11  4.68400e-14  1.12220e-12  2.76384e-09  8.99069e-19  5.87073e-05 
 3.80302e-18  4.30054e-04  2.15386e-08  9.27384e-10  1.36650e-08  1.19565e-12  9.42567e-05  4.74381e-11 
 5.74395e-10  2.73142e-14  3.58453e-04  1.47439e-07  1.98413e-08  1.43976e-04  5.29392e-10  9.20410e-10 
 2.24590e-14  5.44089e-09  9.54402e-08  2.81959e-04  2.07965e-04  3.63898e-08  3.99470e-09  1.67102e-14 
 6.75178e-13  1.61442e-08  1.74075e-07  5.02552e-04  5.72450e-04  2.32313e-07  6.32299e-09  2.70719e-14 
 2.90916e-09  1.46368e-13  4.30384e-04  2.81432e-07  9.14590e-08  6.31823e-04  1.25891e-07  9.11769e-10 
 3.28293e-18  3.63295e-04  9.33457e-08  7.93196e-09  1.07932e-08  9.22758e-13  6.77098e-04  7.60098e-08 
 3.05431e-04  4.88466e-08  1.33429e-09  7.63827e-13  1.86784e-12  1.52756e-09  1.16605e-17  7.08030e-04 
AXIAL     
 7.38179e-04  2.02920e-17  1.13245e-10  7.02600e-14  8.98468e-13  4.14576e-09  1.34860e-18  8.80609e-05 
 5.70452e-18  6.45081e-04  2.43877e-13  1.37942e-09  2.04974e-08  1.79348e-12  1.41385e-04  9.68812e-19 
 8.61592e-10  4.09713e-14  5.37679e-04  1.93869e-07  2.97619e-08  2.15964e-04  1.77382e-13  1.38062e-09 
 9.69057e-15  8.16092e-09  1.43160e-07  4.22939e-04  3.11931e-04  4.83745e-08  5.99205e-09  2.50653e-14 
 3.17408e-14  2.42102e-08  2.61112e-07  7.53828e-04  8.58445e-04  1.27538e-07  9.48448e-09  4.06078e-14 
 4.36374e-09  2.19551e-13  6.45575e-04  2.27643e-07  1.37189e-07  9.47734e-04  1.94415e-13  1.36765e-09 
 4.92439e-18  5.44943e-04  2.22776e-12  1.18477e-08  1.61898e-08  1.38414e-12  1.01565e-03  6.57350e-18 
 4.58146e-04  1.23161e-17  2.00144e-09  1.14574e-12  5.08649e-13  2.29134e-09  1.74907e-17  1.06205e-03 
SIGMA     
 7.38179e-04  2.02920e-17  1.13245e-10  7.02600e-14  8.98468e-13  4.14576e-09  1.34860e-18  8.80609e-05 
 5.70452e-18  6.45081e-04  2.43877e-13  1.37942e-09  2.04974e-08  1.79348e-12  1.41385e-04  9.68812e-19 
 8.61592e-10  4.09713e-14  5.37679e-04  1.93869e-07  2.97619e-08  2.15964e-04  1.77382e-13  1.38062e-09 
 9.69057e-15  8.16092e-09  1.43160e-07  4.22939e-04  3.11931e-04  4.83745e-08  5.99205e-09  2.50653e-14 
 3.17408e-14  2.42102e-08  2.61112e-07  7.53828e-04  8.58445e-04  1.27538e-07  9.48448e-09  4.06078e-14 
 4.36374e-09  2.19551e-13  6.45575e-04  2.27643e-07  1.37189e-07  9.47734e-04  1.94415e-13  1.36765e-09 
 4.92439e-18  5.44943e-04  2.22776e-12  1.18477e-08  1.61898e-08  1.38414e-12  1.01565e-03  6.57350e-18 
 4.58146e-04  1.23161e-17  2.00144e-09  1.14574e-12  5.08649e-13  2.29134e-09  1.74907e-17  1.06205e-03 
PI        
 0.00000e+00  4.91890e-08  0.00000e+00  0.00000e+00  1.56966e-12  1.37437e-16  0.00000e+00  0.00000e+00 
 0.00000e+00  0.00000e+00  6.46154e-08  2.33077e-11  0.00000e+00  0.00000e+00  2.13187e-17  1.42314e-10 
 0.00000e+00  0.00000e+00  1.84986e-11  5.45791e-08  0.00000e+00  0.00000e+00  1.58782e-09  3.22898e-18 
 4.79958e-14  8.51623e-13  0.00000e+00  0.00000e+00  3.19397e-08  1.24204e-08  0.00000e+00  0.00000e+00 
 1.96205e-12  1.22512e-11  0.00000e+00  0.00000e+00  4.61370e-07  4.41861e-07  0.00000e+00  0.00000e+00 
 0.00000e+00  0.00000e+00  1.32512e-10  3.89010e-07  0.00000e+00  0.00000e+00  3.77673e-07  2.15659e-17 
 0.00000e+00  0.00000e+00  2.80033e-07  1.00413e-10  0.00000e+00  0.00000e+00  9.06886e-17  2.28029e-07 
 0.00000e+00  1.46540e-07  0.00000e+00  0.00000e+00  4.58621e-12  3.98704e-16  0.00000e+00  0.00000e+00 
ROT_ISOTROPIC 
 0.00000e+00  0.00000e+00  0.00000e+00  0.00000e+00  0.00000e+00  0.00000e+00  0.00000e+00  0.00000e+00 
 0.00000e+00  0.00000e+00  0.00000e+00  0.00000e+00  0.00000e+00  0.00000e+00  0.00000e+00  0.00000e+00 
 0.00000e+00  0.00000e+00  0.00000e+00  0.00000e+00  0.00000e+00  0.00000e+00  0.00000e+00  0.00000e+00 
 0.00000e+00  0.00000e+00  0.00000e+00  0.00000e+00  0.00000e+00  0.00000e+00  0.00000e+00  0.00000e+00 
 0.00000e+00  0.00000e+00  0.00000e+00  0.00000e+00  0.00000e+00  0.00000e+00  0.00000e+00  0.00000e+00 
 0.00000e+00  0.00000e+00  0.00000e+00  0.00000e+00  0.00000e+00  0.00000e+00  0.00000e+00  0.00000e+00 
 0.00000e+00  0.00000e+00  0.00000e+00  0.00000e+00  0.00000e+00  0.00000e+00  0.00000e+00  0.00000e+00 
 0.00000e+00  0.00000e+00  0.00000e+00  0.00000e+00  0.00000e+00  0.00000e+00  0.00000e+00  0.00000e+00 
ROT_AXIAL     
 0.00000e+00  0.00000e+00  0.00000e+00  0.00000e+00  0.00000e+00  0.00000e+00  0.00000e+00  0.00000e+00 
 0.00000e+00  0.00000e+00  0.00000e+00  0.00000e+00  0.00000e+00  0.00000e+00  0.00000e+00  0.00000e+00 
 0.00000e+00  0.00000e+00  0.00000e+00  0.00000e+00  0.00000e+00  0.00000e+00  0.00000e+00  0.00000e+00 
 0.00000e+00  0.00000e+00  0.00000e+00  0.00000e+00  0.00000e+00  0.00000e+00  0.00000e+00  0.00000e+00 
 0.00000e+00  0.00000e+00  0.00000e+00  0.00000e+00  0.00000e+00  0.00000e+00  0.00000e+00  0.00000e+00 
 0.00000e+00  0.00000e+00  0.00000e+00  0.00000e+00  0.00000e+00  0.00000e+00  0.00000e+00  0.00000e+00 
 0.00000e+00  0.00000e+00  0.00000e+00  0.00000e+00  0.00000e+00  0.00000e+00  0.00000e+00  0.00000e+00 
 0.00000e+00  0.00000e+00  0.00000e+00  0.00000e+00  0.00000e+00  0.00000e+00  0.00000e+00  0.00000e+00 
END
ED intensity A210 Only                                                                                                                                                                                                                                          
CREATED   22 Aug 2012 16:12:04  BY INTEN 08 Oct 01     
5I8       
5I7second 
   8
     -0.174386     -0.094628     -0.037221     -0.006988      1.700165      1.732075      1.792835      1.877624
   2   2   2   2   2   2   2   2
  14
   5273.139517   5273.153448   5273.165775   5273.480203   5273.518258   5273.532041   5273.769264   5273.840589
   5273.879749   5274.121835   5274.239049   5274.286811   5274.321191   5274.331489
   4   2   2   2   2   2   4   2   2   2   2   2   2   2
ISOTROPIC 
 1.56347e-06  4.45238e-06  1.00993e-08  3.55949e-04  6.50725e-06  1.36279e-06  1.77490e-05  2.97486e-05 
 2.21776e-05  3.64954e-04  2.70799e-05  1.32010e-05  1.12885e-06  5.55709e-07 
 1.23332e-05  3.45836e-06  3.44438e-05  6.44641e-06  2.53923e-04  2.62755e-06  1.01588e-04  3.08640e-05 
 1.85391e-04  2.35852e-09  1.76784e-04  2.09100e-05  2.99425e-05  2.30806e-06 
 3.69954e-05  2.92527e-05  8.05454e-07  1.11490e-05  3.89493e-06  1.68778e-04  2.56641e-04  1.62753e-04 
 5.90731e-06  3.22549e-07  9.78882e-07  1.20037e-04  2.29618e-05  5.25559e-05 
 6.70004e-05  6.45440e-06  1.54138e-07  2.33725e-06  3.92492e-05  9.61869e-05  4.07583e-04  6.74853e-05 
 1.08412e-05  5.56032e-07  7.60821e-08  7.43886e-06  9.65747e-05  7.80320e-05 
 8.40269e-06  7.06114e-07  2.90651e-12  1.48368e-08  3.22815e-07  1.55184e-04  6.90722e-06  8.06955e-07 
 2.57772e-06  9.47736e-07  4.79856e-06  1.16824e-07  1.66832e-06  3.62521e-04 
 4.79694e-06  6.67156e-07  2.13774e-06  2.49386e-06  1.15611e-04  1.82847e-06  3.59233e-05  3.08664e-05 
 4.39641e-08  8.15544e-10  4.39470e-09  4.50996e-05  3.12456e-04  2.03087e-07 
 2.13229e-06  1.57838e-07  1.97006e-06  5.94202e-05  9.79794e-06  1.73458e-07  3.54328e-05  1.04748e-04 
 1.62828e-05  2.00588e-10  1.75791e-05  2.88974e-04  2.76741e-05  2.44550e-07 
 4.64509e-07  4.91364e-07  8.96829e-10  2.75598e-05  4.95340e-07  4.79078e-07  9.23616e-06  1.95323e-06 
 2.26065e-04  5.58425e-05  2.54948e-04  6.97199e-07  5.85864e-08  1.54213e-06 
AXIAL     
 2.30482e-06  6.66336e-06  1.51490e-08  5.33924e-04  9.76088e-06  1.99944e-06  2.54812e-05  4.46229e-05 
 1.16310e-07  5.47427e-04  4.02256e-08  1.98015e-05  1.69327e-06  5.93988e-07 
 1.83985e-05  5.18755e-06  5.16619e-05  4.07118e-06  3.80859e-04  3.94133e-06  1.50158e-04  3.85777e-05 
 2.78086e-04  3.53778e-09  2.65176e-04  5.89778e-06  4.25050e-05  3.46209e-06 
 5.53929e-05  4.38790e-05  1.09937e-06  1.66551e-05  1.70281e-06  2.53168e-04  3.84416e-04  2.43598e-04 
 8.86096e-06  4.83823e-07  1.46832e-06  1.78760e-04  2.38991e-05  7.88338e-05 
 1.00478e-04  9.66095e-06  2.31208e-07  3.50588e-06  5.88738e-05  1.43647e-04  6.11334e-04  1.01228e-04 
 1.62610e-05  8.28310e-07  9.84935e-08  1.11583e-05  1.44862e-04  1.15641e-04 
 2.30996e-07  3.85687e-08  4.35976e-12  2.22552e-08  4.84223e-07  8.74614e-09  2.93405e-06  1.21043e-06 
 3.98391e-09  3.97910e-10  3.06889e-11  1.75235e-07  2.50248e-06  1.25594e-07 
 1.03127e-06  1.00073e-06  1.91387e-08  5.66083e-07  4.54742e-08  2.74271e-06  7.19333e-06  1.02008e-05 
 6.59461e-08  1.22332e-09  6.59205e-09  9.15965e-06  1.27371e-06  3.04631e-07 
 8.57210e-07  2.36757e-07  2.86768e-06  1.57343e-07  1.44236e-05  2.60187e-07  6.14649e-06  1.20639e-06 
 2.44241e-05  3.00882e-10  2.63686e-05  1.36260e-07  9.57683e-07  3.66826e-07 
 1.90029e-07  5.46919e-07  1.34524e-09  4.13397e-05  7.43011e-07  2.18502e-07  1.85631e-06  2.92985e-06 
 1.56997e-08  8.37208e-05  6.49949e-09  1.04580e-06  8.78796e-08  9.99960e-08 
SIGMA     
 2.30482e-06  6.66336e-06  1.51490e-08  5.33924e-04  9.76088e-06  1.99944e-06  2.54812e-05  4.46229e-05 
 1.16310e-07  5.47427e-04  4.02256e-08  1.98015e-05  1.69327e-06  5.93988e-07 
 1.83985e-05  5.18755e-06  5.16619e-05  4.07118e-06  3.80859e-04  3.94133e-06  1.50158e-04  3.85777e-05 
 2.78086e-04  3.53778e-09  2.65176e-04  5.89778e-06  4.25050e-05  3.46209e-06 
 5.53929e-05  4.38790e-05  1.09937e-06  1.66551e-05  1.70281e-06  2.53168e-04  3.84416e-04  2.43598e-04 
 8.86096e-06  4.83823e-07  1.46832e-06  1.78760e-04  2.38991e-05  7.88338e-05 
 1.00478e-04  9.66095e-06  2.31208e-07  3.50588e-06  5.88738e-05  1.43647e-04  6.11334e-04  1.01228e-04 
 1.62610e-05  8.28310e-07  9.84935e-08  1.11583e-05  1.44862e-04  1.15641e-04 
 2.30996e-07  3.85687e-08  4.35976e-12  2.22552e-08  4.84223e-07  8.74614e-09  2.93405e-06  1.21043e-06 
 3.98391e-09  3.97910e-10  3.06889e-11  1.75235e-07  2.50248e-06  1.25594e-07 
 1.03127e-06  1.00073e-06  1.91387e-08  5.66083e-07  4.54742e-08  2.74271e-06  7.19333e-06  1.02008e-05 
 6.59461e-08  1.22332e-09  6.59205e-09  9.15965e-06  1.27371e-06  3.04631e-07 
 8.57210e-07  2.36757e-07  2.86768e-06  1.57343e-07  1.44236e-05  2.60187e-07  6.14649e-06  1.20639e-06 
 2.44241e-05  3.00882e-10  2.63686e-05  1.36260e-07  9.57683e-07  3.66826e-07 
 1.90029e-07  5.46919e-07  1.34524e-09  4.13397e-05  7.43011e-07  2.18502e-07  1.85631e-06  2.92985e-06 
 1.56997e-08  8.37208e-05  6.49949e-09  1.04580e-06  8.78796e-08  9.99960e-08 
PI        
 8.07601e-08  3.04370e-08  0.00000e+00  0.00000e+00  0.00000e+00  8.95094e-08  2.28470e-06  0.00000e+00 
 6.63002e-05  8.89986e-09  8.11594e-05  0.00000e+00  0.00000e+00  4.79152e-07 
 2.02404e-07  0.00000e+00  7.66739e-09  1.11969e-05  4.97762e-08  0.00000e+00  4.44839e-06  1.54365e-05 
 0.00000e+00  0.00000e+00  0.00000e+00  5.09346e-05  4.81732e-06  0.00000e+00 
 2.00296e-07  0.00000e+00  2.17613e-07  1.36965e-07  8.27918e-06  0.00000e+00  1.09198e-06  1.06131e-06 
 0.00000e+00  0.00000e+00  0.00000e+00  2.59028e-06  2.10872e-05  0.00000e+00 
 4.55465e-08  4.12962e-08  0.00000e+00  0.00000e+00  0.00000e+00  1.26597e-06  8.16448e-08  0.00000e+00 
 1.55742e-09  1.14760e-08  3.12594e-08  0.00000e+00  0.00000e+00  2.81443e-06 
 2.47461e-05  2.04120e-06  0.00000e+00  0.00000e+00  0.00000e+00  4.65533e-04  1.48536e-05  0.00000e+00 
 7.72518e-06  2.84241e-06  1.43956e-05  0.00000e+00  0.00000e+00  1.08731e-03 
 1.23283e-05  0.00000e+00  6.37496e-06  6.34941e-06  3.46741e-04  0.00000e+00  9.33834e-05  7.21977e-05 
 0.00000e+00  0.00000e+00  0.00000e+00  1.16979e-04  9.34821e-04  0.00000e+00 
 4.68245e-06  0.00000e+00  1.74811e-07  1.77946e-04  5.46683e-07  0.00000e+00  9.40054e-05  3.11831e-04 
 0.00000e+00  0.00000e+00  0.00000e+00  8.66649e-04  8.11069e-05  0.00000e+00 
 1.01347e-06  3.80253e-07  0.00000e+00  0.00000e+00  0.00000e+00  1.00023e-06  2.39959e-05  0.00000e+00 
 6.78164e-04  8.60700e-08  7.64832e-04  0.00000e+00  0.00000e+00  4.42641e-06 
ROT_ISOTROPIC 
 0.00000e+00  0.00000e+00  0.00000e+00  0.00000e+00  0.00000e+00  0.00000e+00  0.00000e+00  0.00000e+00 
 0.00000e+00  0.00000e+00  0.00000e+00  0.00000e+00  0.00000e+00  0.00000e+00 
 0.00000e+00  0.00000e+00  0.00000e+00  0.00000e+00  0.00000e+00  0.00000e+00  0.00000e+00  0.00000e+00 
 0.00000e+00  0.00000e+00  0.00000e+00  0.00000e+00  0.00000e+00  0.00000e+00 
 0.00000e+00  0.00000e+00  0.00000e+00  0.00000e+00  0.00000e+00  0.00000e+00  0.00000e+00  0.00000e+00 
 0.00000e+00  0.00000e+00  0.00000e+00  0.00000e+00  0.00000e+00  0.00000e+00 
 0.00000e+00  0.00000e+00  0.00000e+00  0.00000e+00  0.00000e+00  0.00000e+00  0.00000e+00  0.00000e+00 
 0.00000e+00  0.00000e+00  0.00000e+00  0.00000e+00  0.00000e+00  0.00000e+00 
 0.00000e+00  0.00000e+00  0.00000e+00  0.00000e+00  0.00000e+00  0.00000e+00  0.00000e+00  0.00000e+00 
 0.00000e+00  0.00000e+00  0.00000e+00  0.00000e+00  0.00000e+00  0.00000e+00 
 0.00000e+00  0.00000e+00  0.00000e+00  0.00000e+00  0.00000e+00  0.00000e+00  0.00000e+00  0.00000e+00 
 0.00000e+00  0.00000e+00  0.00000e+00  0.00000e+00  0.00000e+00  0.00000e+00 
 0.00000e+00  0.00000e+00  0.00000e+00  0.00000e+00  0.00000e+00  0.00000e+00  0.00000e+00  0.00000e+00 
 0.00000e+00  0.00000e+00  0.00000e+00  0.00000e+00  0.00000e+00  0.00000e+00 
 0.00000e+00  0.00000e+00  0.00000e+00  0.00000e+00  0.00000e+00  0.00000e+00  0.00000e+00  0.00000e+00 
 0.00000e+00  0.00000e+00  0.00000e+00  0.00000e+00  0.00000e+00  0.00000e+00 
ROT_AXIAL     
 0.00000e+00  0.00000e+00  0.00000e+00  0.00000e+00  0.00000e+00  0.00000e+00  0.00000e+00  0.00000e+00 
 0.00000e+00  0.00000e+00  0.00000e+00  0.00000e+00  0.00000e+00  0.00000e+00 
 0.00000e+00  0.00000e+00  0.00000e+00  0.00000e+00  0.00000e+00  0.00000e+00  0.00000e+00  0.00000e+00 
 0.00000e+00  0.00000e+00  0.00000e+00  0.00000e+00  0.00000e+00  0.00000e+00 
 0.00000e+00  0.00000e+00  0.00000e+00  0.00000e+00  0.00000e+00  0.00000e+00  0.00000e+00  0.00000e+00 
 0.00000e+00  0.00000e+00  0.00000e+00  0.00000e+00  0.00000e+00  0.00000e+00 
 0.00000e+00  0.00000e+00  0.00000e+00  0.00000e+00  0.00000e+00  0.00000e+00  0.00000e+00  0.00000e+00 
 0.00000e+00  0.00000e+00  0.00000e+00  0.00000e+00  0.00000e+00  0.00000e+00 
 0.00000e+00  0.00000e+00  0.00000e+00  0.00000e+00  0.00000e+00  0.00000e+00  0.00000e+00  0.00000e+00 
 0.00000e+00  0.00000e+00  0.00000e+00  0.00000e+00  0.00000e+00  0.00000e+00 
 0.00000e+00  0.00000e+00  0.00000e+00  0.00000e+00  0.00000e+00  0.00000e+00  0.00000e+00  0.00000e+00 
 0.00000e+00  0.00000e+00  0.00000e+00  0.00000e+00  0.00000e+00  0.00000e+00 
 0.00000e+00  0.00000e+00  0.00000e+00  0.00000e+00  0.00000e+00  0.00000e+00  0.00000e+00  0.00000e+00 
 0.00000e+00  0.00000e+00  0.00000e+00  0.00000e+00  0.00000e+00  0.00000e+00 
 0.00000e+00  0.00000e+00  0.00000e+00  0.00000e+00  0.00000e+00  0.00000e+00  0.00000e+00  0.00000e+00 
 0.00000e+00  0.00000e+00  0.00000e+00  0.00000e+00  0.00000e+00  0.00000e+00 
END
ED intensity A210 Only                                                                                                                                                                                                                                          
CREATED   22 Aug 2012 16:12:04  BY INTEN 08 Oct 01     
5I8       
5I6first  
   8
     -0.174386     -0.094628     -0.037221     -0.006988      1.700165      1.732075      1.792835      1.877624
   2   2   2   2   2   2   2   2
   8
   8754.163006   8754.330363   8754.498915   8754.668683   8754.839685   8755.011944   8755.185476   8755.360306
   2   2   2   2   2   2   2   2
ISOTROPIC 
 7.88295e-06  0.00000e+00  3.62196e-14  3.71088e-16  1.63320e-18  2.38556e-13  1.48909e-09  2.02617e-06 
 3.33769e-09  7.20655e-06  8.11798e-19  4.92994e-13  1.50641e-12  3.02670e-09  2.65798e-06  0.00000e+00 
 3.15442e-13  5.32676e-09  6.36943e-06  1.89032e-11  4.49304e-09  3.45780e-06  1.70591e-19  4.73771e-13 
 3.99543e-20  1.75900e-12  6.04425e-09  5.41129e-06  4.39980e-06  1.75878e-11  2.12380e-12  3.79450e-16 
 1.09707e-19  1.18142e-12  2.94945e-09  5.04981e-06  6.05491e-06  2.11677e-11  1.33498e-12  1.47729e-16 
 2.01218e-13  1.73890e-09  4.07883e-06  1.56556e-11  4.74096e-09  7.00029e-06  3.65279e-19  1.51933e-13 
 7.27590e-10  3.23866e-06  4.92337e-18  2.40138e-12  1.50444e-12  4.43449e-09  7.80364e-06  0.00000e+00 
 2.55927e-06  0.00000e+00  4.30777e-13  8.39674e-16  1.51360e-18  2.99436e-13  2.92423e-09  8.43906e-06 
AXIAL     
 1.18244e-05  0.00000e+00  5.43294e-14  3.35837e-19  2.44979e-18  3.57834e-13  0.00000e+00  3.03925e-06 
 0.00000e+00  1.08098e-05  1.21770e-18  7.39491e-13  2.24420e-12  3.64857e-18  3.98697e-06  0.00000e+00 
 4.73163e-13  2.24210e-19  9.55414e-06  2.83548e-11  1.63932e-11  5.18671e-06  2.55887e-19  7.10657e-13 
 5.99314e-20  2.63851e-12  2.98950e-11  8.10856e-06  6.59970e-06  2.63817e-11  3.18279e-12  0.00000e+00 
 1.64561e-19  1.77213e-12  2.17719e-11  7.56858e-06  9.08236e-06  3.17516e-11  2.00061e-12  8.90580e-20 
 3.01827e-13  9.11672e-19  6.11824e-06  2.34834e-11  3.83895e-11  1.05004e-05  5.47919e-19  2.27900e-13 
 0.00000e+00  4.85799e-06  7.38506e-18  3.60207e-12  2.23305e-12  4.94652e-18  1.17055e-05  0.00000e+00 
 3.83891e-06  0.00000e+00  6.46165e-13  3.00933e-18  2.27040e-18  4.49154e-13  0.00000e+00  1.26586e-05 
SIGMA     
 1.18244e-05  0.00000e+00  5.43294e-14  3.35837e-19  2.44979e-18  3.57834e-13  0.00000e+00  3.03925e-06 
 0.00000e+00  1.08098e-05  1.21770e-18  7.39491e-13  2.24420e-12  3.64857e-18  3.98697e-06  0.00000e+00 
 4.73163e-13  2.24210e-19  9.55414e-06  2.83548e-11  1.63932e-11  5.18671e-06  2.55887e-19  7.10657e-13 
 5.99314e-20  2.63851e-12  2.98950e-11  8.10856e-06  6.59970e-06  2.63817e-11  3.18279e-12  0.00000e+00 
 1.64561e-19  1.77213e-12  2.17719e-11  7.56858e-06  9.08236e-06  3.17516e-11  2.00061e-12  8.90580e-20 
 3.01827e-13  9.11672e-19  6.11824e-06  2.34834e-11  3.83895e-11  1.05004e-05  5.47919e-19  2.27900e-13 
 0.00000e+00  4.85799e-06  7.38506e-18  3.60207e-12  2.23305e-12  4.94652e-18  1.17055e-05  0.00000e+00 
 3.83891e-06  0.00000e+00  6.46165e-13  3.00933e-18  2.27040e-18  4.49154e-13  0.00000e+00  1.26586e-05 
PI        
 0.00000e+00  0.00000e+00  0.00000e+00  1.11259e-15  0.00000e+00  0.00000e+00  4.46726e-09  0.00000e+00 
 1.00131e-08  0.00000e+00  0.00000e+00  0.00000e+00  3.08258e-14  9.08009e-09  0.00000e+00  0.00000e+00 
 0.00000e+00  1.59803e-08  0.00000e+00  0.00000e+00  1.34463e-08  5.09575e-14  0.00000e+00  0.00000e+00 
 0.00000e+00  0.00000e+00  1.80730e-08  1.67475e-08  0.00000e+00  0.00000e+00  5.82636e-15  1.13835e-15 
 0.00000e+00  0.00000e+00  8.80479e-09  1.22644e-08  0.00000e+00  0.00000e+00  3.71900e-15  4.43008e-16 
 0.00000e+00  5.21670e-09  0.00000e+00  0.00000e+00  1.41461e-08  5.13086e-14  0.00000e+00  0.00000e+00 
 2.18277e-09  0.00000e+00  0.00000e+00  0.00000e+00  4.72218e-14  1.33035e-08  0.00000e+00  0.00000e+00 
 0.00000e+00  0.00000e+00  0.00000e+00  2.51300e-15  0.00000e+00  0.00000e+00  8.77268e-09  0.00000e+00 
ROT_ISOTROPIC 
 0.00000e+00  0.00000e+00  0.00000e+00  0.00000e+00  0.00000e+00  0.00000e+00  0.00000e+00  0.00000e+00 
 0.00000e+00  0.00000e+00  0.00000e+00  0.00000e+00  0.00000e+00  0.00000e+00  0.00000e+00  0.00000e+00 
 0.00000e+00  0.00000e+00  0.00000e+00  0.00000e+00  0.00000e+00  0.00000e+00  0.00000e+00  0.00000e+00 
 0.00000e+00  0.00000e+00  0.00000e+00  0.00000e+00  0.00000e+00  0.00000e+00  0.00000e+00  0.00000e+00 
 0.00000e+00  0.00000e+00  0.00000e+00  0.00000e+00  0.00000e+00  0.00000e+00  0.00000e+00  0.00000e+00 
 0.00000e+00  0.00000e+00  0.00000e+00  0.00000e+00  0.00000e+00  0.00000e+00  0.00000e+00  0.00000e+00 
 0.00000e+00  0.00000e+00  0.00000e+00  0.00000e+00  0.00000e+00  0.00000e+00  0.00000e+00  0.00000e+00 
 0.00000e+00  0.00000e+00  0.00000e+00  0.00000e+00  0.00000e+00  0.00000e+00  0.00000e+00  0.00000e+00 
ROT_AXIAL     
 0.00000e+00  0.00000e+00  0.00000e+00  0.00000e+00  0.00000e+00  0.00000e+00  0.00000e+00  0.00000e+00 
 0.00000e+00  0.00000e+00  0.00000e+00  0.00000e+00  0.00000e+00  0.00000e+00  0.00000e+00  0.00000e+00 
 0.00000e+00  0.00000e+00  0.00000e+00  0.00000e+00  0.00000e+00  0.00000e+00  0.00000e+00  0.00000e+00 
 0.00000e+00  0.00000e+00  0.00000e+00  0.00000e+00  0.00000e+00  0.00000e+00  0.00000e+00  0.00000e+00 
 0.00000e+00  0.00000e+00  0.00000e+00  0.00000e+00  0.00000e+00  0.00000e+00  0.00000e+00  0.00000e+00 
 0.00000e+00  0.00000e+00  0.00000e+00  0.00000e+00  0.00000e+00  0.00000e+00  0.00000e+00  0.00000e+00 
 0.00000e+00  0.00000e+00  0.00000e+00  0.00000e+00  0.00000e+00  0.00000e+00  0.00000e+00  0.00000e+00 
 0.00000e+00  0.00000e+00  0.00000e+00  0.00000e+00  0.00000e+00  0.00000e+00  0.00000e+00  0.00000e+00 
END
