MD intensity                                                                                                                                                                                                                                                    
CREATED   22 Aug 2012 16:12:03  BY INTEN 08 Oct 01     
5I8       
5I7first  
   8
     -0.174386     -0.094628     -0.037221     -0.006988      1.700165      1.732075      1.792835      1.877624
   2   2   2   2   2   2   2   2
   8
   5256.646187   5256.794638   5256.943608   5257.093254   5257.243260   5257.393859   5257.544888   5257.696401
   2   2   2   2   2   2   2   2
ISOTROPIC 
 1.24507e-02  4.39212e-07  8.43896e-09  4.77886e-12  2.80701e-11  6.47556e-08  7.05628e-17  4.23603e-03 
 1.04170e-16  1.15854e-02  7.83584e-07  6.26765e-08  3.49750e-07  3.00727e-11  5.21523e-03  4.51305e-07 
 3.00581e-08  1.51672e-12  1.04824e-02  4.71885e-06  9.33108e-07  6.41173e-03  7.92224e-07  2.29054e-08 
 4.70268e-12  2.20327e-07  3.17737e-06  9.17829e-03  7.77482e-03  2.14393e-06  1.16173e-07  4.95860e-13 
 4.50030e-13  1.91859e-07  1.91329e-06  5.57139e-03  6.92796e-03  1.09174e-06  7.34704e-08  3.11463e-13 
 3.71802e-08  1.85340e-12  4.31625e-03  1.54108e-06  1.18347e-06  8.23789e-03  8.04405e-08  1.01532e-08 
 2.90925e-17  3.26546e-03  1.45011e-09  1.07920e-07  1.01467e-07  8.81257e-12  9.38215e-03  7.51512e-08 
 2.44631e-03  5.41448e-09  1.91888e-08  1.10087e-11  3.08007e-12  1.34320e-08  1.69272e-16  1.03054e-02 
AXIAL     
 1.86761e-02  5.05756e-16  1.26584e-08  7.16830e-12  2.13837e-11  9.71334e-08  1.05844e-16  6.35405e-03 
 1.56256e-16  1.73781e-02  1.77436e-11  9.35929e-08  5.24625e-07  4.51090e-11  7.82285e-03  5.01979e-17 
 4.50872e-08  2.27508e-12  1.57237e-02  5.56062e-06  1.39966e-06  9.61760e-03  4.79404e-12  3.43581e-08 
 4.34178e-13  3.30446e-07  4.76605e-06  1.37674e-02  1.16606e-02  1.72917e-06  1.74260e-07  7.43790e-13 
 3.68217e-13  2.87787e-07  2.86993e-06  8.35708e-03  1.03919e-02  1.56133e-06  1.10206e-07  4.67195e-13 
 5.57703e-08  2.78010e-12  6.47437e-03  2.30960e-06  1.77521e-06  1.23568e-02  2.04622e-12  1.52298e-08 
 4.36388e-17  4.89819e-03  3.03050e-11  1.61880e-07  1.52201e-07  1.32189e-11  1.40732e-02  9.15279e-17 
 3.66946e-03  1.00408e-16  2.87832e-08  1.65130e-11  4.38581e-12  2.01480e-08  2.53908e-16  1.54581e-02 
SIGMA     
 1.16828e-20  1.31763e-06  0.00000e+00  0.00000e+00  4.14431e-11  3.60934e-15  0.00000e+00  0.00000e+00 
 0.00000e+00  0.00000e+00  2.35072e-06  8.43734e-10  0.00000e+00  0.00000e+00  7.63455e-16  1.35391e-06 
 0.00000e+00  0.00000e+00  1.03356e-09  3.03530e-06  0.00000e+00  0.00000e+00  2.37666e-06  1.69121e-16 
 1.32397e-11  8.87275e-11  0.00000e+00  0.00000e+00  3.33997e-06  2.97345e-06  0.00000e+00  0.00000e+00 
 6.13656e-13  1.32894e-12  0.00000e+00  0.00000e+00  5.05399e-08  1.52559e-07  0.00000e+00  0.00000e+00 
 0.00000e+00  0.00000e+00  1.29984e-12  4.04420e-09  0.00000e+00  0.00000e+00  2.41318e-07  3.71873e-19 
 0.00000e+00  0.00000e+00  4.28972e-09  1.44521e-12  0.00000e+00  0.00000e+00  1.11503e-18  2.25454e-07 
 0.00000e+00  1.62434e-08  0.00000e+00  0.00000e+00  4.68610e-13  3.95141e-17  0.00000e+00  0.00000e+00 
PI        
 1.86761e-02  5.05756e-16  1.26584e-08  7.16830e-12  2.13837e-11  9.71334e-08  1.05844e-16  6.35405e-03 
 1.56256e-16  1.73781e-02  1.77436e-11  9.35929e-08  5.24625e-07  4.51090e-11  7.82285e-03  5.01979e-17 
 4.50872e-08  2.27508e-12  1.57237e-02  5.56062e-06  1.39966e-06  9.61760e-03  4.79404e-12  3.43581e-08 
 4.34178e-13  3.30446e-07  4.76605e-06  1.37674e-02  1.16606e-02  1.72917e-06  1.74260e-07  7.43790e-13 
 3.68217e-13  2.87787e-07  2.86993e-06  8.35708e-03  1.03919e-02  1.56133e-06  1.10206e-07  4.67195e-13 
 5.57703e-08  2.78010e-12  6.47437e-03  2.30960e-06  1.77521e-06  1.23568e-02  2.04622e-12  1.52298e-08 
 4.36388e-17  4.89819e-03  3.03050e-11  1.61880e-07  1.52201e-07  1.32189e-11  1.40732e-02  9.15279e-17 
 3.66946e-03  1.00408e-16  2.87832e-08  1.65130e-11  4.38581e-12  2.01480e-08  2.53908e-16  1.54581e-02 
ROT_ISOTROPIC 
 0.00000e+00  0.00000e+00  0.00000e+00  0.00000e+00  0.00000e+00  0.00000e+00  0.00000e+00  0.00000e+00 
 0.00000e+00  0.00000e+00  0.00000e+00  0.00000e+00  0.00000e+00  0.00000e+00  0.00000e+00  0.00000e+00 
 0.00000e+00  0.00000e+00  0.00000e+00  0.00000e+00  0.00000e+00  0.00000e+00  0.00000e+00  0.00000e+00 
 0.00000e+00  0.00000e+00  0.00000e+00  0.00000e+00  0.00000e+00  0.00000e+00  0.00000e+00  0.00000e+00 
 0.00000e+00  0.00000e+00  0.00000e+00  0.00000e+00  0.00000e+00  0.00000e+00  0.00000e+00  0.00000e+00 
 0.00000e+00  0.00000e+00  0.00000e+00  0.00000e+00  0.00000e+00  0.00000e+00  0.00000e+00  0.00000e+00 
 0.00000e+00  0.00000e+00  0.00000e+00  0.00000e+00  0.00000e+00  0.00000e+00  0.00000e+00  0.00000e+00 
 0.00000e+00  0.00000e+00  0.00000e+00  0.00000e+00  0.00000e+00  0.00000e+00  0.00000e+00  0.00000e+00 
ROT_AXIAL     
 0.00000e+00  0.00000e+00  0.00000e+00  0.00000e+00  0.00000e+00  0.00000e+00  0.00000e+00  0.00000e+00 
 0.00000e+00  0.00000e+00  0.00000e+00  0.00000e+00  0.00000e+00  0.00000e+00  0.00000e+00  0.00000e+00 
 0.00000e+00  0.00000e+00  0.00000e+00  0.00000e+00  0.00000e+00  0.00000e+00  0.00000e+00  0.00000e+00 
 0.00000e+00  0.00000e+00  0.00000e+00  0.00000e+00  0.00000e+00  0.00000e+00  0.00000e+00  0.00000e+00 
 0.00000e+00  0.00000e+00  0.00000e+00  0.00000e+00  0.00000e+00  0.00000e+00  0.00000e+00  0.00000e+00 
 0.00000e+00  0.00000e+00  0.00000e+00  0.00000e+00  0.00000e+00  0.00000e+00  0.00000e+00  0.00000e+00 
 0.00000e+00  0.00000e+00  0.00000e+00  0.00000e+00  0.00000e+00  0.00000e+00  0.00000e+00  0.00000e+00 
 0.00000e+00  0.00000e+00  0.00000e+00  0.00000e+00  0.00000e+00  0.00000e+00  0.00000e+00  0.00000e+00 
END
MD intensity                                                                                                                                                                                                                                                    
CREATED   22 Aug 2012 16:12:03  BY INTEN 08 Oct 01     
5I8       
5I7second 
   8
     -0.174386     -0.094628     -0.037221     -0.006988      1.700165      1.732075      1.792835      1.877624
   2   2   2   2   2   2   2   2
  14
   5273.139517   5273.153448   5273.165775   5273.480203   5273.518258   5273.532041   5273.769264   5273.840589
   5273.879749   5274.121835   5274.239049   5274.286811   5274.321191   5274.331489
   4   2   2   2   2   2   4   2   2   2   2   2   2   2
ISOTROPIC 
 4.09025e-06  5.88882e-06  1.21850e-09  5.54875e-05  1.04363e-06  3.74422e-06  6.72496e-05  5.95782e-06 
 1.79423e-03  1.99619e-04  2.04669e-03  3.43848e-06  2.99515e-07  1.20626e-05 
 1.96885e-05  2.66383e-06  1.09432e-06  4.77595e-04  1.73462e-05  1.44819e-06  2.59336e-04  8.18063e-04 
 7.05410e-05  9.79869e-10  5.61228e-05  2.29855e-03  2.19027e-04  6.48725e-07 
 4.25467e-05  1.11381e-07  1.75611e-05  1.96046e-05  9.20272e-04  1.07437e-06  2.62852e-04  2.19722e-04 
 9.89893e-08  1.91594e-08  3.28840e-08  3.25190e-04  2.46444e-03  2.03359e-06 
 7.51084e-05  6.01675e-06  6.04972e-08  2.73717e-07  3.63282e-06  1.22909e-03  5.36260e-05  4.11029e-06 
 2.02069e-05  7.48503e-06  3.77702e-05  3.10943e-07  3.22469e-06  2.85343e-03 
 3.34470e-04  3.31684e-05  7.95394e-07  1.09843e-05  1.82009e-04  4.56154e-04  1.89650e-03  3.08783e-04 
 4.99369e-05  2.54499e-06  4.23636e-07  3.39404e-05  4.37075e-04  3.55886e-04 
 1.83079e-04  1.55232e-04  3.64198e-06  5.09568e-05  2.12573e-05  8.20222e-04  1.21213e-03  7.42036e-04 
 2.79712e-05  1.40820e-06  4.50297e-06  5.45714e-04  1.17148e-04  2.40042e-04 
 5.86618e-05  1.56777e-05  1.88836e-04  3.49270e-05  1.27333e-03  1.18891e-05  4.97144e-04  1.69963e-04 
 8.35933e-04  1.07627e-08  8.01124e-04  1.27538e-04  1.41075e-04  1.04431e-05 
 7.25319e-06  1.95272e-05  5.49365e-08  1.85778e-03  3.37949e-05  6.16842e-06  9.05216e-05  1.48212e-04 
 1.64084e-04  1.64943e-03  1.73458e-04  6.21739e-05  5.29398e-06  2.78739e-06 
AXIAL     
 2.21701e-06  7.36227e-06  1.82775e-09  8.32313e-05  1.56544e-06  1.69305e-06  5.98614e-06  8.93673e-06 
 7.63532e-08  2.99084e-04  2.00676e-08  5.15772e-06  4.49272e-07  2.75569e-07 
 1.12771e-05  3.99575e-06  9.59261e-07  2.43311e-07  2.37295e-05  2.17229e-06  2.14068e-05  3.37635e-06 
 1.05811e-04  1.46980e-09  8.41842e-05  7.65587e-07  5.66868e-06  9.73087e-07 
 1.52922e-05  1.67072e-07  5.06274e-07  4.23206e-06  5.72170e-07  1.61155e-06  3.20948e-05  4.77842e-05 
 1.48484e-07  2.87391e-08  4.93260e-08  2.58431e-05  3.17890e-06  3.05038e-06 
 1.46060e-05  7.94392e-07  9.07458e-08  4.10575e-07  5.44924e-06  1.68190e-06  2.30766e-05  6.16544e-06 
 2.09066e-08  3.74006e-10  2.85281e-09  4.66415e-07  4.83703e-06  1.42626e-08 
 5.01432e-04  4.97446e-05  1.19309e-06  1.64765e-05  2.73013e-04  6.80505e-04  2.84339e-03  4.63175e-04 
 7.47233e-05  3.80355e-06  4.95394e-07  5.09106e-05  6.55612e-04  5.24750e-04 
 2.73455e-04  2.32848e-04  5.17009e-06  7.59535e-05  7.91212e-06  1.23033e-03  1.80753e-03  1.10581e-03 
 4.19568e-05  2.11230e-06  6.75445e-06  8.09946e-04  1.07950e-04  3.60064e-04 
 8.68733e-05  2.35165e-05  2.83213e-04  2.04880e-05  1.90992e-03  1.78336e-05  7.24650e-04  1.87295e-04 
 1.25390e-03  1.61440e-08  1.20169e-03  2.73484e-05  1.96408e-04  1.56647e-05 
 1.04577e-05  2.91328e-05  8.24048e-08  2.78667e-03  5.06923e-05  8.86668e-06  1.26921e-04  2.22318e-04 
 5.21823e-07  2.47412e-03  1.82409e-07  9.32608e-05  7.94097e-06  2.70034e-06 
SIGMA     
 7.83673e-06  2.94192e-06  0.00000e+00  0.00000e+00  0.00000e+00  7.84656e-06  1.89777e-04  0.00000e+00 
 5.38254e-03  6.88439e-07  6.14002e-03  0.00000e+00  0.00000e+00  3.56365e-05 
 3.65114e-05  0.00000e+00  1.36445e-06  1.43230e-03  4.57954e-06  0.00000e+00  7.35195e-04  2.44744e-03 
 0.00000e+00  0.00000e+00  0.00000e+00  6.89413e-03  6.45745e-04  0.00000e+00 
 9.70555e-05  0.00000e+00  5.16708e-05  5.03498e-05  2.75967e-03  0.00000e+00  7.24366e-04  5.63598e-04 
 0.00000e+00  0.00000e+00  0.00000e+00  9.23884e-04  7.38698e-03  0.00000e+00 
 1.96113e-04  1.64615e-05  0.00000e+00  0.00000e+00  0.00000e+00  3.68392e-03  1.14725e-04  0.00000e+00 
 6.05788e-05  2.24544e-05  1.13305e-04  0.00000e+00  0.00000e+00  8.56028e-03 
 5.47877e-07  1.58093e-08  0.00000e+00  0.00000e+00  0.00000e+00  7.45338e-06  2.72333e-06  0.00000e+00 
 3.64039e-07  2.78659e-08  2.80121e-07  0.00000e+00  0.00000e+00  1.81570e-05 
 2.32788e-06  0.00000e+00  5.85754e-07  9.63205e-07  4.79478e-05  0.00000e+00  2.13470e-05  1.44846e-05 
 0.00000e+00  0.00000e+00  0.00000e+00  1.72505e-05  1.35545e-04  0.00000e+00 
 2.23880e-06  0.00000e+00  8.27820e-08  6.38051e-05  1.31140e-07  0.00000e+00  4.21320e-05  1.35301e-04 
 0.00000e+00  0.00000e+00  0.00000e+00  3.27918e-04  3.04090e-05  0.00000e+00 
 8.44124e-07  3.15827e-07  0.00000e+00  0.00000e+00  0.00000e+00  7.71912e-07  1.77224e-05  0.00000e+00 
 4.91207e-04  5.97302e-08  5.20009e-04  0.00000e+00  0.00000e+00  2.96149e-06 
PI        
 2.21701e-06  7.36227e-06  1.82775e-09  8.32313e-05  1.56544e-06  1.69305e-06  5.98614e-06  8.93673e-06 
 7.63532e-08  2.99084e-04  2.00676e-08  5.15772e-06  4.49272e-07  2.75569e-07 
 1.12771e-05  3.99575e-06  9.59261e-07  2.43311e-07  2.37295e-05  2.17229e-06  2.14068e-05  3.37635e-06 
 1.05811e-04  1.46980e-09  8.41842e-05  7.65587e-07  5.66868e-06  9.73087e-07 
 1.52922e-05  1.67072e-07  5.06274e-07  4.23206e-06  5.72170e-07  1.61155e-06  3.20948e-05  4.77842e-05 
 1.48484e-07  2.87391e-08  4.93260e-08  2.58431e-05  3.17890e-06  3.05038e-06 
 1.46060e-05  7.94392e-07  9.07458e-08  4.10575e-07  5.44924e-06  1.68190e-06  2.30766e-05  6.16544e-06 
 2.09066e-08  3.74006e-10  2.85281e-09  4.66415e-07  4.83703e-06  1.42626e-08 
 5.01432e-04  4.97446e-05  1.19309e-06  1.64765e-05  2.73013e-04  6.80505e-04  2.84339e-03  4.63175e-04 
 7.47233e-05  3.80355e-06  4.95394e-07  5.09106e-05  6.55612e-04  5.24750e-04 
 2.73455e-04  2.32848e-04  5.17009e-06  7.59535e-05  7.91212e-06  1.23033e-03  1.80753e-03  1.10581e-03 
 4.19568e-05  2.11230e-06  6.75445e-06  8.09946e-04  1.07950e-04  3.60064e-04 
 8.68733e-05  2.35165e-05  2.83213e-04  2.04880e-05  1.90992e-03  1.78336e-05  7.24650e-04  1.87295e-04 
 1.25390e-03  1.61440e-08  1.20169e-03  2.73484e-05  1.96408e-04  1.56647e-05 
 1.04577e-05  2.91328e-05  8.24048e-08  2.78667e-03  5.06923e-05  8.86668e-06  1.26921e-04  2.22318e-04 
 5.21823e-07  2.47412e-03  1.82409e-07  9.32608e-05  7.94097e-06  2.70034e-06 
ROT_ISOTROPIC 
 0.00000e+00  0.00000e+00  0.00000e+00  0.00000e+00  0.00000e+00  0.00000e+00  0.00000e+00  0.00000e+00 
 0.00000e+00  0.00000e+00  0.00000e+00  0.00000e+00  0.00000e+00  0.00000e+00 
 0.00000e+00  0.00000e+00  0.00000e+00  0.00000e+00  0.00000e+00  0.00000e+00  0.00000e+00  0.00000e+00 
 0.00000e+00  0.00000e+00  0.00000e+00  0.00000e+00  0.00000e+00  0.00000e+00 
 0.00000e+00  0.00000e+00  0.00000e+00  0.00000e+00  0.00000e+00  0.00000e+00  0.00000e+00  0.00000e+00 
 0.00000e+00  0.00000e+00  0.00000e+00  0.00000e+00  0.00000e+00  0.00000e+00 
 0.00000e+00  0.00000e+00  0.00000e+00  0.00000e+00  0.00000e+00  0.00000e+00  0.00000e+00  0.00000e+00 
 0.00000e+00  0.00000e+00  0.00000e+00  0.00000e+00  0.00000e+00  0.00000e+00 
 0.00000e+00  0.00000e+00  0.00000e+00  0.00000e+00  0.00000e+00  0.00000e+00  0.00000e+00  0.00000e+00 
 0.00000e+00  0.00000e+00  0.00000e+00  0.00000e+00  0.00000e+00  0.00000e+00 
 0.00000e+00  0.00000e+00  0.00000e+00  0.00000e+00  0.00000e+00  0.00000e+00  0.00000e+00  0.00000e+00 
 0.00000e+00  0.00000e+00  0.00000e+00  0.00000e+00  0.00000e+00  0.00000e+00 
 0.00000e+00  0.00000e+00  0.00000e+00  0.00000e+00  0.00000e+00  0.00000e+00  0.00000e+00  0.00000e+00 
 0.00000e+00  0.00000e+00  0.00000e+00  0.00000e+00  0.00000e+00  0.00000e+00 
 0.00000e+00  0.00000e+00  0.00000e+00  0.00000e+00  0.00000e+00  0.00000e+00  0.00000e+00  0.00000e+00 
 0.00000e+00  0.00000e+00  0.00000e+00  0.00000e+00  0.00000e+00  0.00000e+00 
ROT_AXIAL     
 0.00000e+00  0.00000e+00  0.00000e+00  0.00000e+00  0.00000e+00  0.00000e+00  0.00000e+00  0.00000e+00 
 0.00000e+00  0.00000e+00  0.00000e+00  0.00000e+00  0.00000e+00  0.00000e+00 
 0.00000e+00  0.00000e+00  0.00000e+00  0.00000e+00  0.00000e+00  0.00000e+00  0.00000e+00  0.00000e+00 
 0.00000e+00  0.00000e+00  0.00000e+00  0.00000e+00  0.00000e+00  0.00000e+00 
 0.00000e+00  0.00000e+00  0.00000e+00  0.00000e+00  0.00000e+00  0.00000e+00  0.00000e+00  0.00000e+00 
 0.00000e+00  0.00000e+00  0.00000e+00  0.00000e+00  0.00000e+00  0.00000e+00 
 0.00000e+00  0.00000e+00  0.00000e+00  0.00000e+00  0.00000e+00  0.00000e+00  0.00000e+00  0.00000e+00 
 0.00000e+00  0.00000e+00  0.00000e+00  0.00000e+00  0.00000e+00  0.00000e+00 
 0.00000e+00  0.00000e+00  0.00000e+00  0.00000e+00  0.00000e+00  0.00000e+00  0.00000e+00  0.00000e+00 
 0.00000e+00  0.00000e+00  0.00000e+00  0.00000e+00  0.00000e+00  0.00000e+00 
 0.00000e+00  0.00000e+00  0.00000e+00  0.00000e+00  0.00000e+00  0.00000e+00  0.00000e+00  0.00000e+00 
 0.00000e+00  0.00000e+00  0.00000e+00  0.00000e+00  0.00000e+00  0.00000e+00 
 0.00000e+00  0.00000e+00  0.00000e+00  0.00000e+00  0.00000e+00  0.00000e+00  0.00000e+00  0.00000e+00 
 0.00000e+00  0.00000e+00  0.00000e+00  0.00000e+00  0.00000e+00  0.00000e+00 
 0.00000e+00  0.00000e+00  0.00000e+00  0.00000e+00  0.00000e+00  0.00000e+00  0.00000e+00  0.00000e+00 
 0.00000e+00  0.00000e+00  0.00000e+00  0.00000e+00  0.00000e+00  0.00000e+00 
END
MD intensity                                                                                                                                                                                                                                                    
CREATED   22 Aug 2012 16:12:03  BY INTEN 08 Oct 01     
5I8       
5I6first  
   8
     -0.174386     -0.094628     -0.037221     -0.006988      1.700165      1.732075      1.792835      1.877624
   2   2   2   2   2   2   2   2
   8
   8754.163006   8754.330363   8754.498915   8754.668683   8754.839685   8755.011944   8755.185476   8755.360306
   2   2   2   2   2   2   2   2
ISOTROPIC 
 7.00205e-06  0.00000e+00  2.06026e-14  1.80495e-17  1.82724e-18  2.91196e-13  6.74271e-11  1.88681e-06 
 3.77107e-10  6.41525e-06  6.27067e-19  3.82711e-13  1.64361e-12  1.72862e-10  2.44601e-06  0.00000e+00 
 1.74420e-13  5.54017e-10  5.68910e-06  1.82426e-11  3.21957e-10  3.14990e-06  2.34150e-19  4.47211e-13 
 3.83086e-20  1.20160e-12  5.77325e-10  4.85211e-06  3.97469e-06  1.62843e-11  2.00198e-12  3.30553e-17 
 9.89335e-20  1.30934e-12  9.55448e-10  4.20411e-06  5.06686e-06  1.68342e-11  9.16764e-13  5.37224e-17 
 2.51122e-13  6.30620e-10  3.37861e-06  1.14741e-11  1.25297e-09  5.87868e-06  1.86027e-19  8.16509e-14 
 3.04256e-10  2.66566e-06  4.70637e-18  2.25665e-12  8.26103e-13  1.07913e-09  6.56970e-06  0.00000e+00 
 2.09207e-06  0.00000e+00  4.27703e-13  1.89060e-16  7.02315e-19  1.21954e-13  6.73308e-10  7.11610e-06 
AXIAL     
 1.05031e-05  0.00000e+00  3.09040e-14  1.99400e-19  2.74087e-18  4.36794e-13  0.00000e+00  2.83021e-06 
 0.00000e+00  9.62287e-06  9.40600e-19  5.74066e-13  2.46451e-12  4.42879e-18  3.66901e-06  0.00000e+00 
 2.61629e-13  1.99532e-19  8.53366e-06  2.73640e-11  1.43966e-11  4.72485e-06  3.51225e-19  6.70817e-13 
 5.74629e-20  1.80240e-12  2.46354e-11  7.27748e-06  5.96203e-06  2.44264e-11  3.00274e-12  3.94289e-20 
 1.48400e-19  1.96401e-12  2.02174e-11  6.30442e-06  7.60029e-06  2.52513e-11  1.37458e-12  4.74650e-20 
 3.76684e-13  8.48623e-19  5.06791e-06  1.72111e-11  3.36345e-11  8.81802e-06  2.79041e-19  1.22476e-13 
 0.00000e+00  3.99848e-06  7.05955e-18  3.38498e-12  1.23348e-12  2.40420e-18  9.85456e-06  0.00000e+00 
 3.13810e-06  0.00000e+00  6.41554e-13  2.94325e-18  1.05347e-18  1.82930e-13  0.00000e+00  1.06742e-05 
SIGMA     
 0.00000e+00  0.00000e+00  0.00000e+00  5.37497e-17  0.00000e+00  0.00000e+00  2.02281e-10  0.00000e+00 
 1.13132e-09  0.00000e+00  0.00000e+00  0.00000e+00  1.79813e-15  5.18586e-10  0.00000e+00  0.00000e+00 
 0.00000e+00  1.66205e-09  0.00000e+00  0.00000e+00  9.37076e-10  3.48127e-15  0.00000e+00  0.00000e+00 
 0.00000e+00  0.00000e+00  1.68270e-09  1.38382e-09  0.00000e+00  0.00000e+00  4.54486e-16  9.90870e-17 
 0.00000e+00  0.00000e+00  2.82591e-09  3.48071e-09  0.00000e+00  0.00000e+00  1.12858e-15  1.61072e-16 
 0.00000e+00  1.89186e-09  0.00000e+00  0.00000e+00  3.69165e-09  1.36117e-14  0.00000e+00  0.00000e+00 
 9.12768e-10  0.00000e+00  0.00000e+00  0.00000e+00  1.13455e-14  3.23738e-09  0.00000e+00  0.00000e+00 
 0.00000e+00  0.00000e+00  1.10369e-21  5.61293e-16  0.00000e+00  0.00000e+00  2.01992e-09  0.00000e+00 
PI        
 1.05031e-05  0.00000e+00  3.09040e-14  1.99400e-19  2.74087e-18  4.36794e-13  0.00000e+00  2.83021e-06 
 0.00000e+00  9.62287e-06  9.40600e-19  5.74066e-13  2.46451e-12  4.42879e-18  3.66901e-06  0.00000e+00 
 2.61629e-13  1.99532e-19  8.53366e-06  2.73640e-11  1.43966e-11  4.72485e-06  3.51225e-19  6.70817e-13 
 5.74629e-20  1.80240e-12  2.46354e-11  7.27748e-06  5.96203e-06  2.44264e-11  3.00274e-12  3.94289e-20 
 1.48400e-19  1.96401e-12  2.02174e-11  6.30442e-06  7.60029e-06  2.52513e-11  1.37458e-12  4.74650e-20 
 3.76684e-13  8.48623e-19  5.06791e-06  1.72111e-11  3.36345e-11  8.81802e-06  2.79041e-19  1.22476e-13 
 0.00000e+00  3.99848e-06  7.05955e-18  3.38498e-12  1.23348e-12  2.40420e-18  9.85456e-06  0.00000e+00 
 3.13810e-06  0.00000e+00  6.41554e-13  2.94325e-18  1.05347e-18  1.82930e-13  0.00000e+00  1.06742e-05 
ROT_ISOTROPIC 
 0.00000e+00  0.00000e+00  0.00000e+00  0.00000e+00  0.00000e+00  0.00000e+00  0.00000e+00  0.00000e+00 
 0.00000e+00  0.00000e+00  0.00000e+00  0.00000e+00  0.00000e+00  0.00000e+00  0.00000e+00  0.00000e+00 
 0.00000e+00  0.00000e+00  0.00000e+00  0.00000e+00  0.00000e+00  0.00000e+00  0.00000e+00  0.00000e+00 
 0.00000e+00  0.00000e+00  0.00000e+00  0.00000e+00  0.00000e+00  0.00000e+00  0.00000e+00  0.00000e+00 
 0.00000e+00  0.00000e+00  0.00000e+00  0.00000e+00  0.00000e+00  0.00000e+00  0.00000e+00  0.00000e+00 
 0.00000e+00  0.00000e+00  0.00000e+00  0.00000e+00  0.00000e+00  0.00000e+00  0.00000e+00  0.00000e+00 
 0.00000e+00  0.00000e+00  0.00000e+00  0.00000e+00  0.00000e+00  0.00000e+00  0.00000e+00  0.00000e+00 
 0.00000e+00  0.00000e+00  0.00000e+00  0.00000e+00  0.00000e+00  0.00000e+00  0.00000e+00  0.00000e+00 
ROT_AXIAL     
 0.00000e+00  0.00000e+00  0.00000e+00  0.00000e+00  0.00000e+00  0.00000e+00  0.00000e+00  0.00000e+00 
 0.00000e+00  0.00000e+00  0.00000e+00  0.00000e+00  0.00000e+00  0.00000e+00  0.00000e+00  0.00000e+00 
 0.00000e+00  0.00000e+00  0.00000e+00  0.00000e+00  0.00000e+00  0.00000e+00  0.00000e+00  0.00000e+00 
 0.00000e+00  0.00000e+00  0.00000e+00  0.00000e+00  0.00000e+00  0.00000e+00  0.00000e+00  0.00000e+00 
 0.00000e+00  0.00000e+00  0.00000e+00  0.00000e+00  0.00000e+00  0.00000e+00  0.00000e+00  0.00000e+00 
 0.00000e+00  0.00000e+00  0.00000e+00  0.00000e+00  0.00000e+00  0.00000e+00  0.00000e+00  0.00000e+00 
 0.00000e+00  0.00000e+00  0.00000e+00  0.00000e+00  0.00000e+00  0.00000e+00  0.00000e+00  0.00000e+00 
 0.00000e+00  0.00000e+00  0.00000e+00  0.00000e+00  0.00000e+00  0.00000e+00  0.00000e+00  0.00000e+00 
END
